"machine: 7 buttons: [[1, 3], [3, 4], [0, 3, 5], [1, 2, 3, 4], [0, 2, 5], [0, 1], [2, 5]], and joltages [44, 35, 48, 43, 24, 44]"
"machine: 80 pushes"
"machine: 10 buttons: [[1, 5, 6, 7, 8], [2, 5], [0, 1, 2, 3, 5, 8], [0, 1, 2, 5, 7], [1, 2, 3, 4, 7], [3, 4, 6, 7], [1, 3, 4], [1, 2, 3, 4, 6, 8], [8], [0, 1, 2, 3, 4, 5, 6]], and joltages [36, 103, 79, 85, 68, 62, 43, 60, 168]"
"machine: 243 pushes"
"machine: 9 buttons: [[0, 3, 4, 5, 6, 9], [1, 5, 8, 9], [0, 5, 8, 9], [2, 4], [0, 1, 3, 5, 6, 7, 8, 9], [1, 3, 4, 7, 8], [1, 2, 4, 6, 7, 8, 9], [2, 3, 4, 5, 6, 7, 8, 9], [1, 2, 3, 4, 6, 8, 9]], and joltages [30, 56, 58, 75, 79, 52, 77, 53, 76, 81]"
"machine: 99 pushes"
"machine: 2 buttons: [[0, 1, 2, 3], [0, 2]], and joltages [25, 9, 25, 9]"
"machine: 25 pushes"
"machine: 5 buttons: [[1, 3], [0, 2], [1, 2, 3], [0, 3], [3]], and joltages [22, 169, 31, 198]"
"machine: 198 pushes"
"machine: 6 buttons: [[1, 2, 3, 5], [1, 2, 3, 6, 7], [2, 4, 5, 7], [2, 3, 4, 5, 6], [0, 1, 2, 7], [0, 1, 2, 4, 5, 6, 7]], and joltages [17, 46, 55, 34, 19, 28, 35, 41]"
"machine: 55 pushes"
"machine: 10 buttons: [[1, 3, 4, 5], [0, 1], [0, 1, 2, 4, 6, 7], [0, 7], [0, 1, 2, 5, 6], [0, 1, 2, 3, 4, 6, 7], [0, 1, 2, 5, 6, 7], [0, 1, 3, 5, 7], [1, 2, 3, 4, 5], [1, 4, 5, 7]], and joltages [48, 77, 29, 36, 45, 45, 25, 30]"
"machine: 77 pushes"
"machine: 5 buttons: [[2, 4], [1, 2, 3], [1, 2, 4], [0, 1, 4], [0, 1, 2]], and joltages [125, 156, 48, 17, 148]"
"machine: 169 pushes"
"machine: 10 buttons: [[0, 5, 6, 7, 8], [4, 6, 7], [1, 2, 3, 6, 7, 8], [2, 3, 5, 8], [0, 3, 4, 8], [0, 1, 2, 4, 7, 8], [1, 5, 6], [2, 3, 8], [0, 1, 3, 5], [0, 3, 4, 5, 6, 7, 8]], and joltages [46, 41, 49, 66, 36, 53, 59, 64, 76]"
"machine: 101 pushes"
"machine: 2 buttons: [[0, 1, 3], [0, 2, 3]], and joltages [11, 3, 8, 11]"
"machine: 11 pushes"
"machine: 8 buttons: [[1, 8], [0, 3, 4, 5, 6, 7, 8], [2, 4], [0, 1, 2, 5, 6, 7], [0, 1, 3, 7, 8], [0, 1, 3, 4, 6, 7, 8], [2, 5], [0, 1, 2, 4, 5, 6, 7, 8]], and joltages [63, 62, 45, 39, 55, 42, 57, 63, 57]"
"machine: 84 pushes"
"machine: 7 buttons: [[0, 5, 6, 7], [2, 5], [0, 2, 4, 5, 6, 7], [2, 3, 4, 5, 7, 8], [0, 3, 4, 5, 6, 8], [0, 1, 6, 7], [1, 4, 8]], and joltages [164, 135, 44, 36, 66, 71, 164, 162, 50]"
"machine: 206 pushes"
"machine: 6 buttons: [[0, 1], [1, 2], [0, 1, 2], [1, 3], [0, 2], [1, 2, 3]], and joltages [44, 76, 73, 32]"
"machine: 76 pushes"
"machine: 7 buttons: [[0, 1, 3], [4], [0, 1, 3, 5], [0, 4, 5], [1, 2, 3, 4], [1, 5], [2, 3, 4]], and joltages [27, 32, 12, 27, 25, 39]"
"machine: 52 pushes"
"machine: 8 buttons: [[2, 3, 4, 6], [2, 5], [0, 1, 2, 4, 5, 6], [0, 1, 2, 4, 5], [0, 2, 3, 4, 5], [0, 1, 3, 5, 6], [5, 6], [0, 3, 4, 5, 6]], and joltages [61, 52, 67, 37, 57, 87, 63]"
"machine: 99 pushes"
"machine: 5 buttons: [[2], [0, 3], [1, 3, 4, 5], [0, 2, 4, 5], [0, 2, 3, 4, 5]], and joltages [44, 10, 34, 34, 41, 41]"
"machine: 57 pushes"
"machine: 5 buttons: [[1, 2], [0, 2], [0, 1], [1, 3], [3]], and joltages [37, 37, 27, 11]"
"machine: 56 pushes"
"machine: 10 buttons: [[3, 5, 7, 8], [1, 3, 4, 5, 6, 7], [0, 1, 2, 3, 4, 5, 7, 8], [0, 1, 4, 6], [2, 5], [0, 1, 2, 3, 4], [1, 4], [0, 7], [0, 4, 7], [0, 2, 3, 4, 5, 7]], and joltages [61, 45, 30, 171, 65, 164, 6, 190, 155]"
"machine: 219 pushes"
"machine: 8 buttons: [[2, 3, 5, 6], [0, 2, 5], [0, 2, 3, 4, 5, 6, 7], [1, 4, 5, 6, 7], [0, 4, 5, 6, 7], [0, 6], [0, 4, 5], [0, 1, 2, 3, 5, 7]], and joltages [60, 33, 47, 34, 45, 84, 63, 58]"
"machine: 91 pushes"
"machine: 7 buttons: [[2, 5], [3, 4, 5], [0, 5, 7], [1, 2, 3, 5, 8], [1, 3, 5, 6, 7, 8], [2, 3, 5, 6], [0, 2, 3, 4, 5, 8]], and joltages [30, 4, 48, 39, 18, 73, 20, 20, 17]"
"machine: 73 pushes"
"machine: 7 buttons: [[1, 3, 5], [0], [0, 2, 3], [1, 3, 4, 5], [1, 2, 4], [1, 3, 4], [1, 2]], and joltages [16, 42, 28, 44, 18, 24]"
"machine: 58 pushes"
"machine: 5 buttons: [[2, 4], [0, 2, 3, 4], [0, 2, 4], [0, 1], [0, 1, 3]], and joltages [45, 17, 166, 23, 166]"
"machine: 183 pushes"
"machine: 5 buttons: [[1, 3, 4, 5, 6], [1, 3], [0, 5], [0, 1, 2, 4, 5, 6], [2, 3, 5]], and joltages [16, 7, 14, 15, 3, 27, 3]"
"machine: 31 pushes"
"machine: 13 buttons: [[1, 6, 8], [1, 2, 3, 4, 6], [1, 4, 7, 8], [1, 2, 3, 4, 5, 6, 9], [6, 7, 9], [1, 2, 3, 5, 6, 8, 9], [0, 1, 3, 5, 8, 9], [0, 1, 2, 4, 5, 8, 9], [5, 6, 8, 9], [0, 9], [1, 2], [2, 4, 5, 7], [1, 3, 4, 5, 7, 8, 9]], and joltages [29, 286, 259, 227, 83, 256, 242, 61, 260, 263]"
"machine: 319 pushes"
"machine: 9 buttons: [[2, 6, 8], [0, 1, 4, 6, 7], [0, 1, 5, 6, 7], [0, 1, 2, 4, 5, 6, 7], [0, 1, 3, 7, 8], [0, 2, 3, 5, 6, 7, 8], [4, 5, 8], [2, 3], [3, 6]], and joltages [128, 118, 34, 29, 112, 24, 129, 128, 23]"
"machine: 152 pushes"
"machine: 8 buttons: [[0, 2, 4], [0, 1, 2, 3], [0, 1, 3, 4, 5], [0, 1, 2, 3, 5], [0, 2, 3, 4], [2, 5], [3, 4, 5], [1]], and joltages [50, 35, 66, 53, 34, 48]"
"machine: 85 pushes"
"machine: 11 buttons: [[0, 4, 5], [0, 1, 2, 4, 5, 6, 7, 8], [2, 4, 6, 7, 9], [1, 2, 3, 6, 7, 8], [0, 5, 6, 7], [1, 3, 4, 5, 6], [1, 4, 5, 8, 9], [1, 3, 6], [1, 3, 4, 9], [0, 1, 4, 8], [2, 5, 9]], and joltages [44, 49, 174, 26, 188, 56, 200, 187, 35, 150]"
"machine: 219 pushes"
"machine: 7 buttons: [[0, 3, 4], [0, 4, 5], [0, 5], [0, 3], [1, 2, 3, 5], [0, 6], [2, 4]], and joltages [36, 1, 11, 14, 23, 24, 0]"
"machine: 47 pushes"
"machine: 11 buttons: [[2, 3], [2, 3, 5, 7], [0, 1, 4, 6, 8], [0, 2, 3, 5, 8], [8], [1, 2, 6], [3, 7], [0, 2, 4, 5, 8], [2, 4], [2, 3, 5], [1, 2, 4, 5]], and joltages [29, 5, 63, 45, 20, 48, 5, 17, 33]"
"machine: 71 pushes"
"machine: 7 buttons: [[0, 1, 4], [0, 2, 3, 4, 5], [0, 1, 2, 3], [0, 2, 4, 5], [1, 2, 3, 4], [0, 3], [0, 1, 2, 5]], and joltages [189, 174, 65, 63, 165, 30]"
"machine: 203 pushes"
"machine: 5 buttons: [[0, 4], [1, 5], [2, 3, 4, 5], [0, 1, 2, 3, 5], [0, 2, 3]], and joltages [29, 29, 150, 150, 129, 154]"
"machine: 158 pushes"
"machine: 5 buttons: [[0, 1, 4, 5, 6], [1, 2, 4, 5, 6], [0, 2], [0, 3, 4, 5, 6], [0, 4, 6]], and joltages [37, 30, 19, 13, 52, 43, 52]"
"machine: 54 pushes"
"machine: 7 buttons: [[2, 3, 4], [0, 3], [2, 3], [0], [1, 2], [1, 2, 3, 4], [0, 1]], and joltages [37, 13, 10, 27, 4]"
"machine: 47 pushes"
"machine: 3 buttons: [[0, 2, 3], [1, 3, 4], [1, 2]], and joltages [7, 7, 12, 9, 2]"
"machine: 14 pushes"
"machine: 6 buttons: [[1, 2, 3], [2], [2, 3], [1], [0, 2], [1, 3]], and joltages [10, 44, 46, 50]"
"machine: 60 pushes"
"machine: 10 buttons: [[1, 6, 7], [0, 1, 4, 5, 7], [3, 5, 6, 7], [0, 1, 2, 4], [3, 6], [3, 5], [1, 2, 4], [1, 3, 4, 7], [1, 2], [0, 3, 4, 6, 7]], and joltages [34, 68, 28, 40, 51, 29, 23, 45]"
"machine: 92 pushes"
"machine: 11 buttons: [[1, 2, 5, 6, 9], [0, 1, 3, 5, 6, 7, 8, 9], [1, 4, 5, 8, 9], [3, 4, 7, 8], [7], [4, 5, 6], [0, 9], [1], [0, 1, 2, 3, 5, 6, 7, 8, 9], [0, 1, 2, 5, 6, 7, 8, 9], [1, 2, 4, 5, 6, 7, 9]], and joltages [40, 77, 50, 26, 26, 66, 62, 52, 44, 70]"
"machine: 94 pushes"
"machine: 8 buttons: [[0, 4, 5], [0, 1, 5], [1], [0, 3, 4], [0, 1, 2, 3], [0, 1, 3, 4, 5], [2, 3], [3]], and joltages [42, 41, 13, 50, 28, 22]"
"machine: 57 pushes"
"machine: 11 buttons: [[1, 3], [1, 6, 7, 8], [1, 4, 5], [2, 4, 5], [0, 1, 2, 3, 5, 6, 8], [6], [0, 1, 2, 3, 4], [1, 2, 3, 4, 5, 8], [3, 6, 7], [0, 1, 3, 5, 7, 8], [0, 2, 3, 7]], and joltages [61, 63, 73, 86, 45, 51, 36, 39, 39]"
"machine: 103 pushes"
"machine: 6 buttons: [[0, 1], [0, 2, 4, 5], [0, 1, 4], [0, 1, 4, 5], [0, 2, 3, 5], [3]], and joltages [42, 21, 21, 17, 22, 23]"
"machine: 42 pushes"
"machine: 3 buttons: [[0, 2], [1, 3, 4], [0, 2, 3]], and joltages [10, 14, 10, 23, 14]"
"machine: 24 pushes"
"machine: 6 buttons: [[1, 3, 4], [0, 2, 3, 4], [0, 2], [4], [1, 2, 3, 4], [3, 4]], and joltages [27, 14, 37, 47, 53]"
"machine: 53 pushes"
"machine: 11 buttons: [[0, 1, 2, 3, 4, 6, 7, 9], [1, 9], [6, 7], [1, 2, 3, 4, 5, 6, 7, 9], [0, 1, 2, 3, 4, 7, 9], [0, 1, 2, 3, 4, 5, 7, 8, 9], [2, 5, 6, 8, 9], [2, 8], [0, 1, 2, 3, 4, 5, 6, 7, 9], [0, 3, 7, 9], [1, 2, 3, 4, 7, 8]], and joltages [42, 63, 71, 58, 56, 33, 53, 73, 24, 66]"
"machine: 95 pushes"
"machine: 9 buttons: [[0, 1, 2, 4, 6, 7], [0, 1, 2, 3, 5, 6, 7], [2], [0, 2, 3, 5, 7], [1, 5], [2, 4], [0, 2, 4, 5, 6], [2, 5, 7], [2, 3, 4]], and joltages [39, 19, 86, 27, 63, 48, 30, 30]"
"machine: 93 pushes"
"machine: 5 buttons: [[2], [0, 3, 4, 5], [4, 5], [0, 1, 2, 3, 6], [0, 2, 3, 6]], and joltages [29, 6, 24, 29, 20, 20, 10]"
"machine: 44 pushes"
"machine: 6 buttons: [[3, 4], [0, 2, 3, 5], [1, 2, 3, 4], [2, 3], [0, 5], [3, 4, 5]], and joltages [20, 1, 25, 41, 17, 25]"
"machine: 41 pushes"
"machine: 12 buttons: [[0, 1, 2, 3, 4, 7, 8, 9], [0, 1, 3, 6, 7, 9], [3, 4, 5, 6, 7, 8, 9], [1, 3, 8], [0, 1, 2, 3, 4, 5, 7, 9], [0, 6, 8, 9], [0, 1, 2, 3, 4, 5, 6, 9], [4, 6, 7, 8, 9], [0, 2, 5, 8], [0, 2, 5, 6, 7, 9], [2, 3], [0, 1, 2, 5, 6, 8, 9]], and joltages [91, 63, 79, 79, 67, 64, 81, 70, 80, 101]"
"machine: 130 pushes"
"machine: 8 buttons: [[1, 8, 9], [0, 1, 2, 3, 4, 5, 6, 8], [0, 1, 3, 4, 5, 6, 7, 8], [1, 4, 6, 7, 8, 9], [1, 3, 4, 6, 7], [2, 3, 4, 7], [3, 4, 5, 7], [0, 2, 5]], and joltages [21, 58, 27, 58, 71, 33, 41, 66, 47, 30]"
"machine: 92 pushes"
"machine: 6 buttons: [[2, 6], [0, 1, 5, 6], [2, 3], [0, 2, 4, 5, 6], [0, 1, 3, 6], [1, 2, 5, 6]], and joltages [41, 29, 42, 26, 13, 31, 55]"
"machine: 70 pushes"
"machine: 9 buttons: [[1, 2], [1, 2, 3, 4, 6], [0, 2, 3, 4, 6], [0, 1, 4], [1, 3, 4], [1, 6], [0, 2, 3, 5, 6], [4, 6], [0, 5]], and joltages [46, 64, 43, 30, 40, 29, 55]"
"machine: 100 pushes"
"machine: 5 buttons: [[0, 1, 3, 5, 6], [0, 2, 4, 6], [1, 2, 3, 4, 5], [0, 3, 5], [0, 1, 2, 3, 6]], and joltages [37, 13, 26, 20, 21, 15, 30]"
"machine: 39 pushes"
"machine: 9 buttons: [[0, 1, 2, 3, 5, 7, 8, 9], [0, 2, 4, 5, 6, 7, 8, 9], [0, 1, 2, 3, 4, 5, 9], [3, 4, 6, 7, 8, 9], [0, 7, 8], [1, 2, 3, 4, 6, 7, 9], [1, 2, 3, 4, 5, 8], [3, 9], [0, 2, 4, 5, 6, 9]], and joltages [51, 38, 59, 49, 41, 56, 25, 37, 39, 65]"
"machine: 70 pushes"
"machine: 4 buttons: [[0, 1, 2], [0, 1], [1, 3], [2, 3]], and joltages [32, 47, 140, 140]"
"machine: 172 pushes"
"machine: 5 buttons: [[2, 3, 4], [3, 4], [0, 3], [0, 1, 4], [1, 2, 3]], and joltages [20, 18, 205, 227, 195]"
"machine: 229 pushes"
"machine: 3 buttons: [[1, 3, 4], [0, 1, 2, 3], [2]], and joltages [14, 34, 31, 34, 20]"
"machine: 51 pushes"
"machine: 2 buttons: [[1, 2, 3], [0, 1, 2]], and joltages [1, 1, 1, 0]"
"machine: 1 pushes"
"machine: 9 buttons: [[0, 1, 3, 6, 7], [0, 2, 3, 4, 6], [4], [3, 4, 5, 7], [0, 2, 3, 5, 7], [2, 3, 4, 5, 6, 7], [1, 4, 5, 6], [1, 2, 3, 4, 5, 6, 7], [1, 2, 3, 4, 5]], and joltages [22, 19, 47, 59, 58, 55, 38, 43]"
"machine: 69 pushes"
"machine: 4 buttons: [[2, 3, 5], [0, 2, 3, 4, 5], [1, 2, 3], [0, 1, 3, 4, 5]], and joltages [14, 13, 33, 33, 14, 20]"
"machine: 33 pushes"
"machine: 8 buttons: [[0, 1, 2, 6, 8], [4, 6, 8], [2, 3, 7], [0, 1, 2, 3, 5, 6, 7], [2, 3, 4, 6, 7, 8], [0, 1, 3, 4, 5, 8], [0, 6, 7, 8], [1, 2, 5]], and joltages [30, 212, 250, 51, 34, 207, 64, 63, 51]"
"machine: 262 pushes"
"machine: 11 buttons: [[0, 1, 4, 6], [0, 1, 2, 6, 7, 9], [0, 1, 4, 6, 7], [1, 3, 4, 5, 6, 8, 9], [0, 1, 2, 4, 6, 7, 8, 9], [3, 5, 6], [4, 9], [0, 1, 7, 9], [3, 5, 6, 8, 9], [1, 3], [0, 1, 8]], and joltages [49, 60, 19, 32, 48, 32, 71, 44, 29, 71]"
"machine: 96 pushes"
"machine: 8 buttons: [[2, 5, 7], [0, 2, 3, 5, 6, 7], [1, 2, 3, 4, 6, 7], [1, 2, 6], [0, 6], [0, 2, 3, 6], [4], [0, 1]], and joltages [37, 21, 26, 19, 24, 10, 38, 14]"
"machine: 68 pushes"
"machine: 8 buttons: [[1, 4, 5, 6, 7, 8], [0, 1, 2, 4, 8], [0, 2, 5, 8], [0, 1, 4, 7, 8], [2, 6, 7], [2, 5, 7], [4, 6, 7], [0, 1, 2, 3, 4, 5, 6, 7]], and joltages [19, 24, 46, 2, 24, 30, 24, 40, 26]"
"machine: 56 pushes"
"machine: 7 buttons: [[4], [0, 3, 4], [0, 1, 3], [0, 1, 4], [1, 2, 4], [1, 2], [0, 2, 3]], and joltages [38, 54, 27, 20, 48]"
"machine: 63 pushes"
"machine: 7 buttons: [[1, 4, 7], [1, 2, 3, 7], [0, 1, 2, 6, 7], [0, 2, 5, 6, 7], [1, 2, 3, 4, 6, 7], [0, 1, 3, 4, 5], [0, 1, 2, 4, 7]], and joltages [38, 57, 35, 33, 39, 19, 14, 40]"
"machine: 58 pushes"
"machine: 6 buttons: [[1, 3, 4], [0, 2, 4], [2, 4], [0, 3], [0, 1, 2, 3], [1, 4]], and joltages [34, 33, 28, 48, 31]"
"machine: 61 pushes"
"machine: 9 buttons: [[0, 1, 2, 3, 6, 7], [2, 3, 4, 7], [0, 1, 2, 3, 4, 6, 7], [1, 3, 4], [4, 6], [2, 4, 5, 6, 7], [0, 3, 4, 5], [0, 2, 5, 6, 7], [0, 2, 3, 4, 5, 7]], and joltages [67, 47, 173, 178, 174, 40, 60, 173]"
"machine: 195 pushes"
"machine: 5 buttons: [[0, 3], [0, 1, 2], [1, 2, 3], [2], [1, 4]], and joltages [13, 31, 38, 28, 6]"
"machine: 52 pushes"
"machine: 10 buttons: [[0, 4, 5, 6, 7, 9], [1, 3, 7], [4, 5, 6, 7, 8], [0, 1, 3, 4, 6, 7, 8], [0, 3, 4, 5, 8, 9], [1, 3, 6, 8], [0, 7, 8], [0, 1, 2, 3, 5, 6, 7], [0, 1, 3, 9], [2, 3, 7]], and joltages [90, 67, 23, 95, 51, 55, 56, 87, 63, 50]"
"machine: 133 pushes"
"machine: 9 buttons: [[0, 1, 7], [1, 2, 3, 4, 5, 6, 7, 8], [0, 1, 2, 5, 7], [1, 2, 3, 4, 6], [0, 1, 8], [0, 3, 4, 5, 6, 8], [1, 2, 3, 5], [2, 4, 7, 8], [0, 1, 3, 6, 8]], and joltages [46, 75, 41, 47, 36, 24, 45, 29, 41]"
"machine: 80 pushes"
"machine: 11 buttons: [[0, 2, 3, 7, 8], [0, 1, 2, 4, 6, 8], [0, 1, 2, 3], [2, 3, 4, 5, 7], [0, 2, 3, 5, 6, 7, 8], [0, 1, 2, 3, 4, 6, 7], [2, 4, 5, 6, 7, 8], [0, 1, 2, 3, 5], [2], [0, 2, 4, 5, 7, 8], [1, 2, 3, 5, 6]], and joltages [80, 66, 103, 78, 44, 47, 45, 51, 40]"
"machine: 103 pushes"
"machine: 10 buttons: [[0, 3, 4, 5, 7], [1, 3, 5, 6, 7], [1, 3, 4, 6], [1, 2, 3, 5, 7], [0, 4, 6], [2, 3, 5, 6], [0, 5, 7], [0, 1, 3, 4, 5, 6], [0, 1, 5], [1]], and joltages [63, 247, 23, 241, 51, 253, 237, 223]"
"machine: 280 pushes"
"machine: 9 buttons: [[0, 1, 2, 3, 5], [0, 1, 6], [1, 3, 4, 5, 6, 7, 8], [1, 4, 5, 6, 7], [2, 8], [1, 3, 4, 6, 7, 8], [1, 2, 3, 5, 6, 7], [1, 2, 3, 4], [0, 2, 3, 5, 8]], and joltages [11, 38, 41, 32, 18, 26, 19, 19, 17]"
"machine: 51 pushes"
"machine: 10 buttons: [[0, 1, 2, 3, 5, 6], [1, 2, 3, 5, 6, 7], [0, 1, 2, 4], [4, 6], [0, 3, 5, 6, 7], [0, 1, 2, 3, 6, 7], [1, 3, 4, 5, 6], [3], [0, 1, 3, 4, 5, 7], [0, 1, 2, 3, 4, 6]], and joltages [71, 59, 42, 87, 43, 53, 67, 37]"
"machine: 91 pushes"
"machine: 2 buttons: [[0, 1, 3], [0, 2, 3]], and joltages [25, 17, 8, 25]"
"machine: 25 pushes"
"machine: 5 buttons: [[1, 3], [1, 3, 4, 5], [0, 2, 3, 5], [0, 2, 3, 4], [1, 4]], and joltages [10, 42, 10, 36, 33, 21]"
"machine: 52 pushes"
"machine: 12 buttons: [[0, 1, 2, 3, 4, 7, 8, 9], [0, 2, 4, 5, 6, 8, 9], [0, 2], [0, 4, 5, 6, 8], [0, 1, 2, 5, 6, 7, 8, 9], [4, 7], [1, 4, 5, 6, 7, 8, 9], [1, 3, 4, 6, 8, 9], [0, 1, 2, 3, 4, 6, 7, 9], [0, 1, 2, 3, 5, 6, 8, 9], [0, 8, 9], [1, 4, 7]], and joltages [103, 79, 81, 53, 92, 67, 94, 63, 90, 89]"
"machine: 121 pushes"
"machine: 9 buttons: [[0, 3], [2, 4], [1, 6, 8], [5, 7], [2, 3], [1, 2, 3, 5, 6], [0, 1, 2, 5, 7, 8], [0, 2, 4, 5, 6, 7, 8], [0, 1, 3, 6, 7]], and joltages [59, 38, 54, 47, 36, 28, 50, 45, 35]"
"machine: 102 pushes"
"machine: 3 buttons: [[0, 1, 3], [2, 4], [1, 3, 4]], and joltages [19, 34, 19, 34, 34]"
"machine: 53 pushes"
"machine: 9 buttons: [[1, 2], [1, 3, 4, 5, 6], [0, 1], [0, 3, 4], [3, 4, 5, 6], [4, 6], [0, 3], [0, 4, 5], [2, 6]], and joltages [36, 34, 10, 46, 47, 41, 36]"
"machine: 74 pushes"
"machine: 6 buttons: [[0, 1, 4], [0, 1, 2, 3, 5], [2, 5, 6], [0, 2, 3, 4, 5], [0, 1, 5], [0, 2, 5, 6]], and joltages [238, 210, 33, 16, 204, 47, 17]"
"machine: 239 pushes"
"machine: 8 buttons: [[6, 7], [0, 1, 2, 4, 5, 6, 7], [0, 2, 3, 4, 5, 6, 7, 8], [0, 1, 2, 3, 5, 6, 8], [0, 1, 2, 5], [0, 3, 4, 6], [2, 5, 6, 8], [0, 1, 2, 5, 6, 7]], and joltages [60, 34, 52, 32, 32, 52, 72, 36, 24]"
"machine: 72 pushes"
"machine: 7 buttons: [[0, 3], [1, 2, 4], [2, 3, 4], [0, 1], [4], [0], [1, 2]], and joltages [14, 40, 57, 30, 43]"
"machine: 71 pushes"
"machine: 6 buttons: [[0, 6], [2, 5], [0, 1, 2, 4, 5, 6], [0, 1, 2, 4, 5], [2, 3, 4, 6], [3, 5]], and joltages [18, 4, 31, 9, 13, 22, 25]"
"machine: 45 pushes"
"machine: 4 buttons: [[0, 3, 4, 5], [0, 2, 3, 4, 5], [0, 1, 2], [0, 1, 3, 4, 5]], and joltages [42, 22, 16, 27, 27, 27]"
"machine: 42 pushes"
"machine: 7 buttons: [[1, 4], [0, 1, 3], [0, 3, 4], [1, 2, 3, 4], [4], [1, 2, 4], [1, 2]], and joltages [6, 16, 9, 6, 18]"
"machine: 20 pushes"
"machine: 7 buttons: [[0, 1, 2, 5], [0, 1, 2, 3, 4, 6], [1, 3, 4, 6], [3, 4, 6], [4, 5, 6], [1, 2, 5], [1, 2, 3, 4, 6]], and joltages [31, 60, 56, 34, 51, 48, 51]"
"machine: 82 pushes"
"machine: 7 buttons: [[3], [0, 4], [0, 2, 3, 4], [0, 3], [0, 3, 4], [1, 4], [0, 1, 2]], and joltages [177, 139, 144, 42, 56]"
"machine: 186 pushes"
"machine: 12 buttons: [[0, 1, 2, 3, 4, 5, 6, 7, 8], [0, 2, 3, 4, 7, 8, 9], [0, 1, 2, 3, 4, 6, 7, 8], [1, 2, 3, 8, 9], [1, 4, 6, 8], [0, 4, 6, 8, 9], [0, 4, 5, 6, 9], [0, 1, 2, 3, 4, 5, 6, 7, 9], [4, 6, 7, 8], [2, 3, 4], [5, 7], [0, 1, 4, 5, 6, 8]], and joltages [73, 47, 39, 39, 100, 50, 86, 38, 59, 52]"
"machine: 100 pushes"
"machine: 10 buttons: [[0, 1, 2, 4, 5, 7, 8, 9], [0, 1, 2, 3, 4, 5, 8, 9], [0, 1, 2, 3, 4, 5, 6, 7], [1, 4, 5, 7], [0, 1, 2, 3, 4, 5, 6, 8], [3, 5, 6, 7, 8], [0, 1, 2, 3, 4, 7, 8, 9], [0, 6], [5, 7], [0, 1, 2, 3, 4, 5, 6, 9]], and joltages [61, 57, 54, 54, 57, 44, 37, 31, 44, 30]"
"machine: 68 pushes"
"machine: 3 buttons: [[0, 3], [0, 2, 3], [0, 1, 3]], and joltages [44, 19, 13, 44]"
"machine: 44 pushes"
"machine: 3 buttons: [[1, 2, 3], [0, 1], [0, 1, 2, 3]], and joltages [4, 4, 0, 0]"
"machine: 4 pushes"
"machine: 6 buttons: [[0, 1], [0, 3], [0, 1, 2], [2], [0, 2], [0, 2, 3]], and joltages [65, 31, 47, 16]"
"machine: 65 pushes"
"machine: 5 buttons: [[1], [2, 3], [0, 1, 3], [1, 3], [0, 1]], and joltages [21, 43, 10, 27]"
"machine: 53 pushes"
"machine: 4 buttons: [[3, 4], [1, 2], [0, 2, 4], [0, 2, 3, 4]], and joltages [141, 4, 145, 19, 158]"
"machine: 162 pushes"
"machine: 8 buttons: [[1, 4, 6], [0, 1, 4, 5, 6, 7, 8], [0, 3, 4, 5, 8], [1, 2, 4, 7], [3, 7], [0, 1, 2, 5, 6, 7, 8], [0, 2, 7], [3, 5, 6, 7, 8]], and joltages [59, 58, 43, 33, 55, 53, 57, 82, 53]"
"machine: 108 pushes"
"machine: 9 buttons: [[0, 3, 5], [1, 3], [0, 1, 3, 4, 5], [2, 3], [0, 1, 2, 3, 4, 5], [1, 2, 5, 6], [2, 6], [0, 2, 3, 4, 5, 6], [0, 1, 2, 3, 6]], and joltages [32, 20, 40, 49, 8, 22, 21]"
"machine: 52 pushes"
"machine: 7 buttons: [[0, 4, 5], [0, 1, 2, 3, 4, 5], [0, 2, 4, 5, 6], [2, 3], [2, 5], [0, 1, 3, 4, 5, 6], [1, 2, 3, 4, 6]], and joltages [24, 18, 39, 20, 31, 44, 20]"
"machine: 53 pushes"
"machine: 5 buttons: [[0, 1, 2], [2, 3], [0, 3], [3], [1, 2]], and joltages [21, 14, 33, 30]"
"machine: 44 pushes"
"machine: 6 buttons: [[2], [0, 3], [0, 3, 4], [0, 2, 4], [1, 2], [0, 1, 2, 3]], and joltages [26, 24, 41, 24, 9]"
"machine: 48 pushes"
"machine: 4 buttons: [[1, 2, 3, 5], [0, 4, 5], [0, 2], [1, 3, 4, 5]], and joltages [159, 25, 14, 25, 170, 179]"
"machine: 184 pushes"
"machine: 8 buttons: [[1, 5, 6, 7], [0, 2, 3, 7], [0, 2, 5, 7], [0, 2, 4], [0, 1, 2, 3, 5, 6], [0, 1, 3], [0, 2, 3, 5, 6], [0, 4, 5]], and joltages [49, 23, 43, 28, 9, 33, 21, 39]"
"machine: 62 pushes"
"machine: 8 buttons: [[0, 3, 6], [4, 5, 6], [0, 1, 3, 6], [4, 5], [0, 1], [1, 2, 4, 5], [0, 1, 5, 6], [0, 2, 3, 4]], and joltages [43, 57, 16, 5, 36, 55, 24]"
"machine: 78 pushes"
"machine: 4 buttons: [[0, 1, 2, 4], [1, 2, 4], [3], [1, 4]], and joltages [4, 24, 20, 15, 24]"
"machine: 39 pushes"
"machine: 7 buttons: [[1, 2, 3, 4, 5, 6, 8], [0, 1, 2, 3, 5], [0, 2, 4, 6, 7, 8], [0, 1, 2, 4, 5, 6, 8], [5, 7], [0, 2, 6, 7], [0, 1, 2, 3, 4, 6, 7, 8]], and joltages [47, 29, 49, 21, 35, 22, 42, 37, 35]"
"machine: 54 pushes"
"machine: 6 buttons: [[0, 2, 3, 4], [0, 3, 4], [2, 4], [0, 1], [0, 1, 2, 3], [1]], and joltages [50, 24, 33, 42, 38]"
"machine: 62 pushes"
"machine: 13 buttons: [[1, 9], [0, 2, 5, 8, 9], [2, 5, 6, 9], [4, 6, 7, 8], [0, 2, 4, 5, 6, 7, 8, 9], [1, 2, 3, 5, 6, 7, 8, 9], [0, 1, 3, 5, 6, 7, 8, 9], [0, 2, 9], [0, 2, 3, 4, 6, 9], [2, 4], [0, 8, 9], [0, 4, 6, 8, 9], [5, 7, 8, 9]], and joltages [84, 34, 64, 38, 223, 56, 232, 210, 252, 116]"
"machine: 289 pushes"
"machine: 12 buttons: [[3, 5], [6, 8], [1, 3, 7, 9], [1, 2, 5, 6, 7, 8, 9], [1, 2, 4, 5, 6, 8], [2, 5], [0, 2, 3, 4, 5, 6, 9], [1, 4, 5, 7, 8], [3, 6, 7, 9], [1, 9], [1, 2, 3, 4, 5, 8, 9], [1, 4, 5, 8, 9]], and joltages [8, 76, 54, 60, 43, 82, 54, 39, 66, 79]"
"machine: 119 pushes"
"machine: 8 buttons: [[1, 2, 9], [2, 4, 6], [0, 1, 2, 5, 6, 7, 8, 9], [0, 2, 3, 4, 6, 8], [0, 1, 2, 3, 5, 8], [5, 7, 8], [1, 5, 7, 8, 9], [0, 4, 5, 6, 7, 8]], and joltages [38, 42, 43, 13, 15, 46, 29, 33, 46, 29]"
"machine: 62 pushes"
"machine: 13 buttons: [[2, 4, 5, 6, 7], [1, 3, 9], [0, 2, 7], [8], [1, 7, 8], [0, 2, 3], [0, 2, 4, 8, 9], [0, 1, 3, 7], [4, 7, 9], [4, 5, 6, 9], [1, 5], [1, 3, 4, 7, 8], [1, 4, 7]], and joltages [37, 223, 40, 26, 63, 197, 22, 84, 36, 37]"
"machine: 281 pushes"
"machine: 6 buttons: [[0, 1, 2, 3, 5], [4, 5], [0, 2, 3, 5], [0, 1, 4], [0, 1, 2, 3], [1, 4, 5]], and joltages [20, 20, 14, 14, 33, 41]"
"machine: 47 pushes"
"machine: 9 buttons: [[0, 1, 3, 4, 6, 7], [0, 1, 3, 4, 6, 7, 8, 9], [0, 7], [2, 3, 4, 5, 6, 8, 9], [0, 3, 4, 9], [0, 3, 4, 5, 8, 9], [2, 4, 5, 6, 7, 8, 9], [1, 3, 5, 7], [0, 1, 3, 4, 5, 6, 8, 9]], and joltages [253, 214, 26, 251, 259, 64, 230, 241, 227, 239]"
"machine: 289 pushes"
"machine: 5 buttons: [[0, 1, 2, 4, 5], [0, 1, 3, 4, 5], [0, 1, 4], [1, 2, 5], [3, 5]], and joltages [19, 24, 5, 12, 19, 17]"
"machine: 24 pushes"
"machine: 7 buttons: [[1, 2, 3, 4, 6, 7], [1, 4, 6, 7], [4, 5], [0, 6], [1, 3, 7], [1, 2, 3, 5], [0, 2, 3, 4, 5, 6, 7]], and joltages [27, 21, 8, 12, 25, 8, 44, 28]"
"machine: 49 pushes"
"machine: 8 buttons: [[0, 1, 3, 4, 5, 7, 8], [0, 1, 2, 4, 5, 6, 9], [0, 1, 2, 3, 4, 9], [0, 2, 6, 7, 8], [2, 8], [0, 1, 2, 4, 5, 6, 7, 9], [2, 5, 6, 8], [0, 1, 5, 6, 7, 9]], and joltages [71, 57, 76, 30, 44, 54, 55, 43, 58, 44]"
"machine: 102 pushes"
"machine: 10 buttons: [[1, 2], [0, 1, 3, 4, 6, 7, 8], [0, 1, 8], [0, 1, 3, 4, 5, 8], [1, 5], [0, 2, 5, 6, 7], [5, 6], [0, 1, 2, 3, 5, 6, 7], [2, 4, 6], [3, 4, 5, 8]], and joltages [57, 81, 29, 40, 41, 54, 33, 26, 47]"
"machine: 97 pushes"
"machine: 9 buttons: [[3, 4, 9], [1, 2, 3, 4, 6, 7, 9], [0, 1, 3, 4, 5, 6, 7, 8], [2, 5, 6, 9], [0, 1, 9], [5, 6], [2, 3, 4, 5, 6, 8, 9], [0, 1, 2, 3, 4, 5, 6], [6, 7, 9]], and joltages [39, 45, 19, 40, 40, 47, 68, 39, 26, 48]"
"machine: 87 pushes"
"machine: 4 buttons: [[1, 3], [0], [0, 2, 3], [2, 3]], and joltages [4, 9, 14, 23]"
"machine: 23 pushes"
"machine: 3 buttons: [[0, 1], [0, 2, 3], [2, 3]], and joltages [27, 15, 24, 24]"
"machine: 39 pushes"
"machine: 6 buttons: [[0, 3, 4, 5, 6], [1, 5, 6], [0, 1, 2, 3, 5], [1, 2, 3, 4, 6], [1, 2, 4], [0, 1, 2, 3, 4, 5]], and joltages [147, 25, 23, 152, 154, 149, 142]"
"machine: 160 pushes"
"machine: 4 buttons: [[0, 2, 3], [1], [0, 1, 3], [1, 2]], and joltages [9, 44, 19, 9]"
"machine: 44 pushes"
"machine: 7 buttons: [[0], [1, 4], [1, 2, 3, 4, 5], [4, 5], [0, 1, 3, 5], [0, 2], [1, 3, 4]], and joltages [13, 34, 22, 21, 47, 30]"
"machine: 60 pushes"
"machine: 8 buttons: [[0, 1, 5], [1, 3], [0, 2, 4, 5], [2, 3, 4, 5], [3, 4], [0, 1, 2, 3, 5], [1, 2], [1, 3, 5]], and joltages [186, 49, 191, 48, 193, 207]"
"machine: 242 pushes"
"machine: 7 buttons: [[0, 2, 3, 4, 5], [1, 3, 5], [0, 1, 4, 6], [0, 1, 2, 4, 6, 7], [1, 5, 6, 7], [0, 1, 2, 4, 5, 6], [2, 7]], and joltages [204, 209, 31, 30, 204, 33, 192, 17]"
"machine: 222 pushes"
"machine: 7 buttons: [[0, 7, 8], [1, 2, 3, 4, 5, 7], [0, 1, 3, 5, 6, 7, 8], [3, 4, 5], [0, 2], [0, 3, 4], [1, 7, 8]], and joltages [28, 41, 9, 46, 30, 37, 16, 44, 35]"
"machine: 65 pushes"
"machine: 8 buttons: [[0, 1, 2, 3], [1, 2, 3, 5], [0, 2, 5], [0, 3, 5, 6], [0, 5, 6], [1, 3, 4, 6], [0, 1, 2, 3, 4, 6], [2, 6]], and joltages [62, 46, 36, 65, 21, 49, 59]"
"machine: 86 pushes"
"machine: 10 buttons: [[1, 2, 4, 5, 6, 7, 8, 9], [5, 9], [2, 3, 4, 5, 6, 8], [1, 5, 8], [0, 2, 9], [4, 5, 6, 8], [1, 4, 5, 7, 8, 9], [5, 6, 7], [0, 2, 3, 4, 6, 7, 8], [0, 1, 3, 4, 6]], and joltages [32, 64, 42, 44, 78, 69, 65, 35, 75, 32]"
"machine: 101 pushes"
"machine: 8 buttons: [[0, 3, 4, 5, 6, 7, 9], [0, 1, 3, 4, 5, 6, 7], [5, 6, 7], [0, 1, 2, 3, 4, 7, 8, 9], [1, 7, 9], [1, 4, 5, 6], [0, 1, 2, 6, 7, 8, 9], [0, 1, 2, 3, 6, 7, 8]], and joltages [60, 61, 43, 41, 37, 26, 57, 62, 43, 40]"
"machine: 70 pushes"
"machine: 8 buttons: [[0, 1, 3, 7], [1, 4, 5, 6, 7], [4, 5], [0, 1, 2, 3, 6, 7], [2, 3, 4, 5, 6], [1, 2, 3, 6, 7], [0, 1, 2, 3, 4, 7], [0, 1, 4, 5, 7]], and joltages [56, 76, 41, 58, 62, 45, 44, 76]"
"machine: 90 pushes"
"machine: 6 buttons: [[1, 2, 3, 4, 5], [0, 4, 6], [1, 3], [0, 2, 3, 4], [2, 3, 4, 5], [1, 4]], and joltages [171, 53, 174, 191, 210, 19, 16]"
"machine: 227 pushes"
"machine: 11 buttons: [[0, 4, 5, 6, 8], [1, 2, 3, 4, 5, 7, 8], [0, 1, 3, 4, 5, 8], [1, 2, 8], [6, 7], [2, 3, 5, 6, 7], [1, 2, 4, 6, 7, 8], [0, 1, 2, 8], [0, 1, 4, 5, 6, 7], [0, 1, 4, 6, 7], [7, 8]], and joltages [33, 66, 64, 40, 56, 56, 55, 60, 63]"
"machine: 93 pushes"
"machine: 6 buttons: [[2, 3, 4], [2, 3, 4, 6], [2, 3, 4, 5], [0, 2, 4, 6], [0, 1, 2, 3, 6, 7], [1, 6, 7]], and joltages [21, 10, 165, 147, 162, 10, 155, 10]"
"machine: 172 pushes"
"machine: 2 buttons: [[0, 2], [1, 2, 3]], and joltages [11, 19, 30, 19]"
"machine: 30 pushes"
"machine: 9 buttons: [[1, 4, 7], [0, 7], [1, 2, 3, 4, 5, 6], [0, 1, 2, 3, 5, 6], [1, 2, 3, 4, 5], [1, 2, 3, 5, 6, 7], [0, 6], [1, 2, 3, 4, 5, 7], [1, 3, 6]], and joltages [44, 70, 57, 64, 39, 57, 52, 44]"
"machine: 93 pushes"
"machine: 8 buttons: [[2, 4], [0, 2, 3, 5], [0, 1, 3, 5], [5], [1, 4], [0, 3], [1], [0, 1, 2, 3, 5]], and joltages [64, 45, 39, 64, 21, 57]"
"machine: 85 pushes"
"machine: 7 buttons: [[1, 2, 4, 5, 6], [0, 1, 4, 6], [0, 3, 4], [2, 4], [0, 1, 3, 6], [2, 3, 5, 6], [0, 2, 3]], and joltages [15, 15, 27, 22, 22, 19, 32]"
"machine: 42 pushes"
"machine: 3 buttons: [[2, 3], [0, 3], [0, 1]], and joltages [188, 183, 11, 16]"
"machine: 199 pushes"
"machine: 9 buttons: [[0, 1, 2, 4, 6], [2, 6], [0], [1, 2, 3, 4, 5], [1, 4, 5, 6], [1, 5, 6], [1, 2, 4, 5, 6], [0, 4], [2, 5]], and joltages [20, 52, 46, 17, 54, 49, 44]"
"machine: 78 pushes"
"machine: 13 buttons: [[1, 2, 4, 5, 6, 7, 8, 9], [1, 2, 3, 5, 6, 9], [1, 2, 3, 4, 5, 7, 8, 9], [0, 1, 2, 5, 7, 8], [1, 5, 8], [1, 5, 7, 8], [2, 4], [0, 2, 3, 4, 6, 7, 8, 9], [0, 3, 5, 8], [0, 1, 3], [0, 3, 4, 5, 7, 8], [0, 4, 5, 7], [2, 6, 7]], and joltages [68, 75, 64, 63, 69, 86, 29, 88, 87, 26]"
"machine: 132 pushes"
"machine: 13 buttons: [[0, 1, 2, 3, 4, 5, 7, 8, 9], [0, 4, 7, 8], [0, 6, 7, 8, 9], [0, 2, 3, 4, 5, 7, 8, 9], [0, 1, 3, 4, 5, 6, 8, 9], [0, 1, 3, 4, 5, 7, 8], [5, 6, 8], [0, 1, 8, 9], [3, 7], [0, 3, 4], [0, 2, 3, 8, 9], [1, 2, 4, 6, 7], [0, 1, 2, 3, 4, 5]], and joltages [54, 25, 24, 59, 51, 56, 24, 62, 67, 25]"
"machine: 87 pushes"
"machine: 3 buttons: [[1, 2], [1, 2, 3], [0, 2, 3]], and joltages [13, 185, 198, 23]"
"machine: 198 pushes"
"machine: 4 buttons: [[0, 1, 2, 4], [0, 1, 3], [1, 2, 3], [0, 1, 2]], and joltages [203, 216, 48, 181, 17]"
"machine: 216 pushes"
"machine: 6 buttons: [[0, 1, 3, 4], [0, 1, 2, 3, 5, 7], [1, 2, 5, 6, 7], [3, 4, 7], [0, 2, 4, 5, 6, 7], [0, 2, 6]], and joltages [11, 11, 19, 18, 19, 15, 16, 30]"
"machine: 34 pushes"
"machine: 6 buttons: [[2, 3, 4], [0, 2, 4], [2, 4], [0, 3, 4], [0, 1, 2], [0, 2]], and joltages [46, 14, 60, 17, 37]"
"machine: 62 pushes"
"machine: 6 buttons: [[3], [1, 2, 3], [0, 2], [2], [0, 3], [0, 1]], and joltages [39, 31, 54, 28]"
"machine: 65 pushes"
"machine: 4 buttons: [[0, 1, 4], [0, 3, 4], [0, 2, 3], [3, 4]], and joltages [160, 131, 20, 30, 141]"
"machine: 161 pushes"
"machine: 4 buttons: [[2, 3], [1, 2, 3], [0, 3], [0, 2]], and joltages [20, 9, 189, 183]"
"machine: 196 pushes"
"machine: 6 buttons: [[0, 1], [0, 3, 4, 5], [1, 3, 5], [0, 1, 2, 3, 4], [0, 3, 5], [0, 2]], and joltages [70, 25, 21, 44, 27, 35]"
"machine: 71 pushes"
"machine: 10 buttons: [[7, 9], [4, 7, 8], [1, 2, 4, 6, 8], [0, 1, 3, 4, 5, 6, 7, 8], [2, 5, 9], [0, 1, 3, 5, 6, 7, 8, 9], [1, 2, 3, 4, 5, 6, 7, 9], [0, 1, 2, 4, 7, 8], [0, 1, 3, 7], [0, 1, 2, 3, 6, 8]], and joltages [65, 79, 42, 62, 44, 39, 58, 76, 65, 38]"
"machine: 95 pushes"
"machine: 5 buttons: [[0, 3, 4, 6], [0, 2, 4, 5, 6], [2, 5, 6], [2, 4, 6], [1, 4, 6]], and joltages [11, 20, 179, 10, 39, 171, 209]"
"machine: 209 pushes"
"machine: 8 buttons: [[0, 5], [0, 1, 3, 4, 6], [0, 2, 3, 4, 5, 6], [0, 3, 6], [0, 1, 3, 4, 5], [1, 3, 4, 5, 6], [4], [0, 2, 3, 4]], and joltages [36, 209, 13, 226, 240, 220, 205]"
"machine: 244 pushes"
"machine: 6 buttons: [[1], [0, 3], [1, 2], [1, 3], [0, 2], [2, 3]], and joltages [19, 39, 41, 22]"
"machine: 61 pushes"
"machine: 4 buttons: [[0, 1, 5], [2, 3], [0, 1, 2, 4], [0, 3, 4, 5]], and joltages [37, 26, 16, 11, 27, 21]"
"machine: 37 pushes"
"machine: 6 buttons: [[2, 4, 5, 6, 7], [2, 3, 5, 6], [0, 2, 4, 6], [2, 3, 6], [1, 2, 4, 5, 7], [2, 3, 5, 6, 7]], and joltages [19, 18, 75, 36, 39, 44, 57, 30]"
"machine: 75 pushes"
"machine: 7 buttons: [[1, 2, 5, 6], [0, 2, 3, 4, 5, 7], [0, 4, 6, 7], [6, 7], [0, 7], [0, 1, 2, 6, 7], [2, 3, 5]], and joltages [45, 25, 58, 33, 26, 47, 47, 59]"
"machine: 88 pushes"
"Total: 15377"
